z t_Gyr rho_Mstar
0.0000 1.3787e+01 6.3607e+08
0.0050 1.3715e+01 6.3527e+08
0.0150 1.3572e+01 6.3364e+08
0.0250 1.3432e+01 6.3200e+08
0.0350 1.3294e+01 6.3034e+08
0.0450 1.3157e+01 6.2866e+08
0.0550 1.3023e+01 6.2696e+08
0.0650 1.2891e+01 6.2524e+08
0.0750 1.2760e+01 6.2350e+08
0.0850 1.2631e+01 6.2174e+08
0.0950 1.2504e+01 6.1996e+08
0.1050 1.2379e+01 6.1816e+08
0.1150 1.2256e+01 6.1635e+08
0.1250 1.2134e+01 6.1451e+08
0.1350 1.2015e+01 6.1266e+08
0.1450 1.1896e+01 6.1078e+08
0.1550 1.1780e+01 6.0889e+08
0.1650 1.1665e+01 6.0699e+08
0.1750 1.1551e+01 6.0506e+08
0.1850 1.1440e+01 6.0312e+08
0.1950 1.1329e+01 6.0115e+08
0.2050 1.1221e+01 5.9918e+08
0.2150 1.1113e+01 5.9718e+08
0.2250 1.1008e+01 5.9517e+08
0.2350 1.0903e+01 5.9313e+08
0.2450 1.0800e+01 5.9109e+08
0.2550 1.0699e+01 5.8902e+08
0.2650 1.0599e+01 5.8694e+08
0.2750 1.0500e+01 5.8485e+08
0.2850 1.0402e+01 5.8273e+08
0.2950 1.0306e+01 5.8060e+08
0.3050 1.0211e+01 5.7846e+08
0.3150 1.0118e+01 5.7630e+08
0.3250 1.0025e+01 5.7412e+08
0.3350 9.9341e+00 5.7193e+08
0.3450 9.8442e+00 5.6973e+08
0.3550 9.7554e+00 5.6751e+08
0.3650 9.6678e+00 5.6527e+08
0.3750 9.5814e+00 5.6302e+08
0.3850 9.4960e+00 5.6076e+08
0.3950 9.4118e+00 5.5848e+08
0.4050 9.3287e+00 5.5619e+08
0.4150 9.2467e+00 5.5388e+08
0.4250 9.1657e+00 5.5156e+08
0.4350 9.0858e+00 5.4923e+08
0.4450 9.0069e+00 5.4688e+08
0.4550 8.9290e+00 5.4452e+08
0.4650 8.8521e+00 5.4215e+08
0.4750 8.7762e+00 5.3976e+08
0.4850 8.7013e+00 5.3736e+08
0.4950 8.6273e+00 5.3495e+08
0.5050 8.5542e+00 5.3253e+08
0.5150 8.4821e+00 5.3010e+08
0.5250 8.4109e+00 5.2765e+08
0.5350 8.3405e+00 5.2519e+08
0.5450 8.2711e+00 5.2272e+08
0.5550 8.2025e+00 5.2024e+08
0.5650 8.1347e+00 5.1775e+08
0.5750 8.0678e+00 5.1525e+08
0.5850 8.0018e+00 5.1274e+08
0.5950 7.9365e+00 5.1021e+08
0.6050 7.8721e+00 5.0768e+08
0.6150 7.8084e+00 5.0514e+08
0.6250 7.7455e+00 5.0258e+08
0.6350 7.6834e+00 5.0002e+08
0.6450 7.6220e+00 4.9745e+08
0.6550 7.5614e+00 4.9487e+08
0.6650 7.5015e+00 4.9228e+08
0.6750 7.4423e+00 4.8968e+08
0.6850 7.3838e+00 4.8707e+08
0.6950 7.3260e+00 4.8446e+08
0.7050 7.2690e+00 4.8183e+08
0.7150 7.2126e+00 4.7920e+08
0.7250 7.1568e+00 4.7656e+08
0.7350 7.1017e+00 4.7391e+08
0.7450 7.0473e+00 4.7126e+08
0.7550 6.9935e+00 4.6860e+08
0.7650 6.9404e+00 4.6593e+08
0.7750 6.8878e+00 4.6325e+08
0.7850 6.8359e+00 4.6057e+08
0.7950 6.7845e+00 4.5788e+08
0.8050 6.7338e+00 4.5519e+08
0.8150 6.6836e+00 4.5249e+08
0.8250 6.6341e+00 4.4978e+08
0.8350 6.5851e+00 4.4707e+08
0.8450 6.5366e+00 4.4435e+08
0.8550 6.4887e+00 4.4163e+08
0.8650 6.4413e+00 4.3890e+08
0.8750 6.3945e+00 4.3617e+08
0.8850 6.3482e+00 4.3344e+08
0.8950 6.3024e+00 4.3070e+08
0.9050 6.2572e+00 4.2795e+08
0.9150 6.2124e+00 4.2521e+08
0.9250 6.1682e+00 4.2246e+08
0.9350 6.1244e+00 4.1970e+08
0.9450 6.0811e+00 4.1695e+08
0.9550 6.0383e+00 4.1419e+08
0.9650 5.9959e+00 4.1143e+08
0.9750 5.9541e+00 4.0866e+08
0.9850 5.9126e+00 4.0590e+08
0.9950 5.8717e+00 4.0313e+08
1.0050 5.8311e+00 4.0036e+08
1.0150 5.7910e+00 3.9759e+08
1.0250 5.7514e+00 3.9482e+08
1.0350 5.7121e+00 3.9205e+08
1.0450 5.6733e+00 3.8928e+08
1.0550 5.6349e+00 3.8650e+08
1.0650 5.5969e+00 3.8373e+08
1.0750 5.5594e+00 3.8096e+08
1.0850 5.5222e+00 3.7818e+08
1.0950 5.4854e+00 3.7541e+08
1.1050 5.4489e+00 3.7264e+08
1.1150 5.4129e+00 3.6987e+08
1.1250 5.3772e+00 3.6711e+08
1.1350 5.3420e+00 3.6434e+08
1.1450 5.3070e+00 3.6158e+08
1.1550 5.2725e+00 3.5881e+08
1.1650 5.2383e+00 3.5605e+08
1.1750 5.2044e+00 3.5330e+08
1.1850 5.1709e+00 3.5054e+08
1.1950 5.1377e+00 3.4779e+08
1.2050 5.1049e+00 3.4505e+08
1.2150 5.0724e+00 3.4230e+08
1.2250 5.0402e+00 3.3956e+08
1.2350 5.0084e+00 3.3683e+08
1.2450 4.9768e+00 3.3410e+08
1.2550 4.9456e+00 3.3137e+08
1.2650 4.9147e+00 3.2865e+08
1.2750 4.8841e+00 3.2594e+08
1.2850 4.8538e+00 3.2323e+08
1.2950 4.8238e+00 3.2052e+08
1.3050 4.7941e+00 3.1783e+08
1.3150 4.7647e+00 3.1514e+08
1.3250 4.7356e+00 3.1245e+08
1.3350 4.7068e+00 3.0977e+08
1.3450 4.6782e+00 3.0710e+08
1.3550 4.6499e+00 3.0444e+08
1.3650 4.6219e+00 3.0178e+08
1.3750 4.5942e+00 2.9913e+08
1.3850 4.5667e+00 2.9649e+08
1.3950 4.5395e+00 2.9386e+08
1.4050 4.5126e+00 2.9124e+08
1.4150 4.4859e+00 2.8862e+08
1.4250 4.4594e+00 2.8602e+08
1.4350 4.4332e+00 2.8342e+08
1.4450 4.4073e+00 2.8084e+08
1.4550 4.3816e+00 2.7826e+08
1.4650 4.3561e+00 2.7569e+08
1.4750 4.3309e+00 2.7314e+08
1.4850 4.3059e+00 2.7059e+08
1.4950 4.2811e+00 2.6806e+08
1.5050 4.2566e+00 2.6553e+08
1.5150 4.2323e+00 2.6302e+08
1.5250 4.2082e+00 2.6052e+08
1.5350 4.1844e+00 2.5803e+08
1.5450 4.1607e+00 2.5555e+08
1.5550 4.1373e+00 2.5308e+08
1.5650 4.1141e+00 2.5062e+08
1.5750 4.0910e+00 2.4818e+08
1.5850 4.0682e+00 2.4575e+08
1.5950 4.0456e+00 2.4333e+08
1.6050 4.0233e+00 2.4093e+08
1.6150 4.0011e+00 2.3854e+08
1.6250 3.9791e+00 2.3616e+08
1.6350 3.9573e+00 2.3380e+08
1.6450 3.9356e+00 2.3144e+08
1.6550 3.9142e+00 2.2911e+08
1.6650 3.8930e+00 2.2678e+08
1.6750 3.8719e+00 2.2447e+08
1.6850 3.8511e+00 2.2218e+08
1.6950 3.8304e+00 2.1990e+08
1.7050 3.8099e+00 2.1763e+08
1.7150 3.7896e+00 2.1538e+08
1.7250 3.7694e+00 2.1314e+08
1.7350 3.7495e+00 2.1092e+08
1.7450 3.7296e+00 2.0871e+08
1.7550 3.7100e+00 2.0652e+08
1.7650 3.6905e+00 2.0434e+08
1.7750 3.6712e+00 2.0218e+08
1.7850 3.6521e+00 2.0004e+08
1.7950 3.6331e+00 1.9791e+08
1.8050 3.6143e+00 1.9579e+08
1.8150 3.5956e+00 1.9369e+08
1.8250 3.5771e+00 1.9161e+08
1.8350 3.5588e+00 1.8954e+08
1.8450 3.5406e+00 1.8749e+08
1.8550 3.5225e+00 1.8545e+08
1.8650 3.5046e+00 1.8344e+08
1.8750 3.4869e+00 1.8143e+08
1.8850 3.4693e+00 1.7945e+08
1.8950 3.4518e+00 1.7747e+08
1.9050 3.4345e+00 1.7552e+08
1.9150 3.4173e+00 1.7358e+08
1.9250 3.4003e+00 1.7166e+08
1.9350 3.3834e+00 1.6976e+08
1.9450 3.3666e+00 1.6787e+08
1.9550 3.3500e+00 1.6599e+08
1.9650 3.3335e+00 1.6414e+08
1.9750 3.3172e+00 1.6230e+08
1.9850 3.3009e+00 1.6048e+08
1.9950 3.2848e+00 1.5867e+08
2.0050 3.2689e+00 1.5688e+08
2.0150 3.2530e+00 1.5511e+08
2.0250 3.2373e+00 1.5335e+08
2.0350 3.2217e+00 1.5161e+08
2.0450 3.2062e+00 1.4988e+08
2.0550 3.1909e+00 1.4818e+08
2.0650 3.1756e+00 1.4649e+08
2.0750 3.1605e+00 1.4481e+08
2.0850 3.1455e+00 1.4315e+08
2.0950 3.1306e+00 1.4151e+08
2.1050 3.1159e+00 1.3988e+08
2.1150 3.1012e+00 1.3827e+08
2.1250 3.0867e+00 1.3668e+08
2.1350 3.0722e+00 1.3510e+08
2.1450 3.0579e+00 1.3354e+08
2.1550 3.0437e+00 1.3199e+08
2.1650 3.0296e+00 1.3046e+08
2.1750 3.0156e+00 1.2895e+08
2.1850 3.0017e+00 1.2745e+08
2.1950 2.9879e+00 1.2597e+08
2.2050 2.9742e+00 1.2450e+08
2.2150 2.9606e+00 1.2305e+08
2.2250 2.9472e+00 1.2162e+08
2.2350 2.9338e+00 1.2019e+08
2.2450 2.9205e+00 1.1879e+08
2.2550 2.9073e+00 1.1740e+08
2.2650 2.8942e+00 1.1602e+08
2.2750 2.8812e+00 1.1466e+08
2.2850 2.8683e+00 1.1332e+08
2.2950 2.8555e+00 1.1199e+08
2.3050 2.8428e+00 1.1067e+08
2.3150 2.8302e+00 1.0937e+08
2.3250 2.8177e+00 1.0809e+08
2.3350 2.8053e+00 1.0682e+08
2.3450 2.7929e+00 1.0556e+08
2.3550 2.7807e+00 1.0432e+08
2.3650 2.7685e+00 1.0309e+08
2.3750 2.7564e+00 1.0187e+08
2.3850 2.7444e+00 1.0067e+08
2.3950 2.7325e+00 9.9485e+07
2.4050 2.7207e+00 9.8311e+07
2.4150 2.7090e+00 9.7151e+07
2.4250 2.6973e+00 9.6005e+07
2.4350 2.6857e+00 9.4872e+07
2.4450 2.6742e+00 9.3753e+07
2.4550 2.6628e+00 9.2646e+07
2.4650 2.6515e+00 9.1553e+07
2.4750 2.6402e+00 9.0472e+07
2.4850 2.6291e+00 8.9405e+07
2.4950 2.6180e+00 8.8350e+07
2.5050 2.6069e+00 8.7307e+07
2.5150 2.5960e+00 8.6277e+07
2.5250 2.5851e+00 8.5260e+07
2.5350 2.5743e+00 8.4254e+07
2.5450 2.5636e+00 8.3261e+07
2.5550 2.5530e+00 8.2279e+07
2.5650 2.5424e+00 8.1310e+07
2.5750 2.5319e+00 8.0352e+07
2.5850 2.5215e+00 7.9406e+07
2.5950 2.5111e+00 7.8471e+07
2.6050 2.5008e+00 7.7548e+07
2.6150 2.4906e+00 7.6636e+07
2.6250 2.4804e+00 7.5735e+07
2.6350 2.4704e+00 7.4845e+07
2.6450 2.4603e+00 7.3966e+07
2.6550 2.4504e+00 7.3098e+07
2.6650 2.4405e+00 7.2241e+07
2.6750 2.4307e+00 7.1394e+07
2.6850 2.4209e+00 7.0557e+07
2.6950 2.4112e+00 6.9731e+07
2.7050 2.4016e+00 6.8915e+07
2.7150 2.3920e+00 6.8110e+07
2.7250 2.3825e+00 6.7314e+07
2.7350 2.3731e+00 6.6528e+07
2.7450 2.3637e+00 6.5752e+07
2.7550 2.3544e+00 6.4985e+07
2.7650 2.3451e+00 6.4229e+07
2.7750 2.3360e+00 6.3481e+07
2.7850 2.3268e+00 6.2743e+07
2.7950 2.3177e+00 6.2014e+07
2.8050 2.3087e+00 6.1294e+07
2.8150 2.2998e+00 6.0583e+07
2.8250 2.2908e+00 5.9881e+07
2.8350 2.2820e+00 5.9188e+07
2.8450 2.2732e+00 5.8504e+07
2.8550 2.2645e+00 5.7828e+07
2.8650 2.2558e+00 5.7161e+07
2.8750 2.2472e+00 5.6502e+07
2.8850 2.2386e+00 5.5851e+07
2.8950 2.2301e+00 5.5208e+07
2.9050 2.2216e+00 5.4574e+07
2.9150 2.2132e+00 5.3947e+07
2.9250 2.2048e+00 5.3329e+07
2.9350 2.1965e+00 5.2718e+07
2.9450 2.1883e+00 5.2115e+07
2.9550 2.1801e+00 5.1519e+07
2.9650 2.1719e+00 5.0931e+07
2.9750 2.1638e+00 5.0350e+07
2.9850 2.1557e+00 4.9777e+07
2.9950 2.1477e+00 4.9211e+07
3.0050 2.1398e+00 4.8652e+07
3.0150 2.1319e+00 4.8099e+07
3.0250 2.1240e+00 4.7554e+07
3.0350 2.1162e+00 4.7016e+07
3.0450 2.1084e+00 4.6485e+07
3.0550 2.1007e+00 4.5960e+07
3.0650 2.0930e+00 4.5442e+07
3.0750 2.0854e+00 4.4930e+07
3.0850 2.0778e+00 4.4425e+07
3.0950 2.0703e+00 4.3926e+07
3.1050 2.0628e+00 4.3433e+07
3.1150 2.0554e+00 4.2947e+07
3.1250 2.0480e+00 4.2466e+07
3.1350 2.0406e+00 4.1992e+07
3.1450 2.0333e+00 4.1524e+07
3.1550 2.0260e+00 4.1061e+07
3.1650 2.0188e+00 4.0604e+07
3.1750 2.0116e+00 4.0153e+07
3.1850 2.0045e+00 3.9708e+07
3.1950 1.9974e+00 3.9268e+07
3.2050 1.9903e+00 3.8834e+07
3.2150 1.9833e+00 3.8405e+07
3.2250 1.9763e+00 3.7981e+07
3.2350 1.9694e+00 3.7563e+07
3.2450 1.9625e+00 3.7150e+07
3.2550 1.9556e+00 3.6742e+07
3.2650 1.9488e+00 3.6339e+07
3.2750 1.9420e+00 3.5941e+07
3.2850 1.9353e+00 3.5549e+07
3.2950 1.9286e+00 3.5161e+07
3.3050 1.9219e+00 3.4777e+07
3.3150 1.9153e+00 3.4399e+07
3.3250 1.9087e+00 3.4025e+07
3.3350 1.9022e+00 3.3656e+07
3.3450 1.8957e+00 3.3291e+07
3.3550 1.8892e+00 3.2931e+07
3.3650 1.8828e+00 3.2576e+07
3.3750 1.8764e+00 3.2225e+07
3.3850 1.8700e+00 3.1878e+07
3.3950 1.8637e+00 3.1535e+07
3.4050 1.8574e+00 3.1197e+07
3.4150 1.8511e+00 3.0862e+07
3.4250 1.8449e+00 3.0532e+07
3.4350 1.8387e+00 3.0206e+07
3.4450 1.8325e+00 2.9884e+07
3.4550 1.8264e+00 2.9566e+07
3.4650 1.8203e+00 2.9252e+07
3.4750 1.8143e+00 2.8941e+07
3.4850 1.8082e+00 2.8635e+07
3.4950 1.8022e+00 2.8332e+07
3.5050 1.7963e+00 2.8032e+07
3.5150 1.7904e+00 2.7737e+07
3.5250 1.7845e+00 2.7445e+07
3.5350 1.7786e+00 2.7156e+07
3.5450 1.7728e+00 2.6871e+07
3.5550 1.7670e+00 2.6590e+07
3.5650 1.7612e+00 2.6312e+07
3.5750 1.7555e+00 2.6037e+07
3.5850 1.7498e+00 2.5766e+07
3.5950 1.7441e+00 2.5498e+07
3.6050 1.7385e+00 2.5233e+07
3.6150 1.7329e+00 2.4971e+07
3.6250 1.7273e+00 2.4712e+07
3.6350 1.7217e+00 2.4457e+07
3.6450 1.7162e+00 2.4204e+07
3.6550 1.7107e+00 2.3955e+07
3.6650 1.7052e+00 2.3708e+07
3.6750 1.6998e+00 2.3465e+07
3.6850 1.6944e+00 2.3224e+07
3.6950 1.6890e+00 2.2987e+07
3.7050 1.6837e+00 2.2752e+07
3.7150 1.6783e+00 2.2520e+07
3.7250 1.6731e+00 2.2290e+07
3.7350 1.6678e+00 2.2064e+07
3.7450 1.6625e+00 2.1840e+07
3.7550 1.6573e+00 2.1618e+07
3.7650 1.6521e+00 2.1400e+07
3.7750 1.6470e+00 2.1184e+07
3.7850 1.6419e+00 2.0970e+07
3.7950 1.6368e+00 2.0759e+07
3.8050 1.6317e+00 2.0550e+07
3.8150 1.6266e+00 2.0344e+07
3.8250 1.6216e+00 2.0140e+07
3.8350 1.6166e+00 1.9939e+07
3.8450 1.6116e+00 1.9740e+07
3.8550 1.6067e+00 1.9543e+07
3.8650 1.6017e+00 1.9349e+07
3.8750 1.5968e+00 1.9157e+07
3.8850 1.5920e+00 1.8967e+07
3.8950 1.5871e+00 1.8779e+07
3.9050 1.5823e+00 1.8594e+07
3.9150 1.5775e+00 1.8410e+07
3.9250 1.5727e+00 1.8229e+07
3.9350 1.5679e+00 1.8050e+07
3.9450 1.5632e+00 1.7872e+07
3.9550 1.5585e+00 1.7697e+07
3.9650 1.5538e+00 1.7524e+07
3.9750 1.5492e+00 1.7353e+07
3.9850 1.5445e+00 1.7184e+07
3.9950 1.5399e+00 1.7017e+07
4.0050 1.5353e+00 1.6852e+07
4.0150 1.5307e+00 1.6688e+07
4.0250 1.5262e+00 1.6527e+07
4.0350 1.5217e+00 1.6367e+07
4.0450 1.5172e+00 1.6209e+07
4.0550 1.5127e+00 1.6053e+07
4.0650 1.5082e+00 1.5898e+07
4.0750 1.5038e+00 1.5746e+07
4.0850 1.4994e+00 1.5595e+07
4.0950 1.4950e+00 1.5446e+07
4.1050 1.4906e+00 1.5298e+07
4.1150 1.4863e+00 1.5152e+07
4.1250 1.4819e+00 1.5008e+07
4.1350 1.4776e+00 1.4865e+07
4.1450 1.4733e+00 1.4724e+07
4.1550 1.4691e+00 1.4585e+07
4.1650 1.4648e+00 1.4447e+07
4.1750 1.4606e+00 1.4311e+07
4.1850 1.4564e+00 1.4176e+07
4.1950 1.4522e+00 1.4043e+07
4.2050 1.4480e+00 1.3911e+07
4.2150 1.4439e+00 1.3780e+07
4.2250 1.4398e+00 1.3651e+07
4.2350 1.4357e+00 1.3524e+07
4.2450 1.4316e+00 1.3398e+07
4.2550 1.4275e+00 1.3273e+07
4.2650 1.4235e+00 1.3149e+07
4.2750 1.4194e+00 1.3027e+07
4.2850 1.4154e+00 1.2907e+07
4.2950 1.4114e+00 1.2787e+07
4.3050 1.4074e+00 1.2669e+07
4.3150 1.4035e+00 1.2552e+07
4.3250 1.3995e+00 1.2437e+07
4.3350 1.3956e+00 1.2323e+07
4.3450 1.3917e+00 1.2210e+07
4.3550 1.3878e+00 1.2098e+07
4.3650 1.3840e+00 1.1987e+07
4.3750 1.3801e+00 1.1878e+07
4.3850 1.3763e+00 1.1770e+07
4.3950 1.3725e+00 1.1663e+07
4.4050 1.3687e+00 1.1557e+07
4.4150 1.3649e+00 1.1452e+07
4.4250 1.3612e+00 1.1348e+07
4.4350 1.3574e+00 1.1246e+07
4.4450 1.3537e+00 1.1144e+07
4.4550 1.3500e+00 1.1044e+07
4.4650 1.3463e+00 1.0945e+07
4.4750 1.3426e+00 1.0846e+07
4.4850 1.3390e+00 1.0749e+07
4.4950 1.3353e+00 1.0653e+07
4.5050 1.3317e+00 1.0558e+07
4.5150 1.3281e+00 1.0464e+07
4.5250 1.3245e+00 1.0371e+07
4.5350 1.3209e+00 1.0278e+07
4.5450 1.3173e+00 1.0187e+07
4.5550 1.3138e+00 1.0097e+07
4.5650 1.3103e+00 1.0008e+07
4.5750 1.3068e+00 9.9194e+06
4.5850 1.3033e+00 9.8320e+06
4.5950 1.2998e+00 9.7455e+06
4.6050 1.2963e+00 9.6599e+06
4.6150 1.2929e+00 9.5751e+06
4.6250 1.2894e+00 9.4913e+06
4.6350 1.2860e+00 9.4083e+06
4.6450 1.2826e+00 9.3262e+06
4.6550 1.2792e+00 9.2450e+06
4.6650 1.2758e+00 9.1645e+06
4.6750 1.2725e+00 9.0849e+06
4.6850 1.2691e+00 9.0062e+06
4.6950 1.2658e+00 8.9282e+06
4.7050 1.2625e+00 8.8510e+06
4.7150 1.2592e+00 8.7747e+06
4.7250 1.2559e+00 8.6991e+06
4.7350 1.2526e+00 8.6243e+06
4.7450 1.2493e+00 8.5502e+06
4.7550 1.2461e+00 8.4769e+06
4.7650 1.2429e+00 8.4044e+06
4.7750 1.2396e+00 8.3326e+06
4.7850 1.2364e+00 8.2615e+06
4.7950 1.2332e+00 8.1911e+06
4.8050 1.2301e+00 8.1214e+06
4.8150 1.2269e+00 8.0525e+06
4.8250 1.2237e+00 7.9842e+06
4.8350 1.2206e+00 7.9167e+06
4.8450 1.2175e+00 7.8498e+06
4.8550 1.2144e+00 7.7836e+06
4.8650 1.2113e+00 7.7180e+06
4.8750 1.2082e+00 7.6531e+06
4.8850 1.2051e+00 7.5889e+06
4.8950 1.2021e+00 7.5252e+06
4.9050 1.1990e+00 7.4623e+06
4.9150 1.1960e+00 7.3999e+06
4.9250 1.1930e+00 7.3382e+06
4.9350 1.1900e+00 7.2771e+06
4.9450 1.1870e+00 7.2166e+06
4.9550 1.1840e+00 7.1566e+06
4.9650 1.1810e+00 7.0973e+06
4.9750 1.1780e+00 7.0386e+06
4.9850 1.1751e+00 6.9804e+06
4.9950 1.1722e+00 6.9228e+06
5.0050 1.1692e+00 6.8658e+06
5.0150 1.1663e+00 6.8093e+06
5.0250 1.1634e+00 6.7534e+06
5.0350 1.1606e+00 6.6980e+06
5.0450 1.1577e+00 6.6432e+06
5.0550 1.1548e+00 6.5889e+06
5.0650 1.1520e+00 6.5352e+06
5.0750 1.1491e+00 6.4819e+06
5.0850 1.1463e+00 6.4292e+06
5.0950 1.1435e+00 6.3770e+06
5.1050 1.1407e+00 6.3253e+06
5.1150 1.1379e+00 6.2740e+06
5.1250 1.1351e+00 6.2233e+06
5.1350 1.1323e+00 6.1731e+06
5.1450 1.1296e+00 6.1233e+06
5.1550 1.1268e+00 6.0741e+06
5.1650 1.1241e+00 6.0253e+06
5.1750 1.1214e+00 5.9769e+06
5.1850 1.1187e+00 5.9291e+06
5.1950 1.1160e+00 5.8816e+06
5.2050 1.1133e+00 5.8347e+06
5.2150 1.1106e+00 5.7882e+06
5.2250 1.1079e+00 5.7421e+06
5.2350 1.1053e+00 5.6965e+06
5.2450 1.1026e+00 5.6512e+06
5.2550 1.1000e+00 5.6065e+06
5.2650 1.0973e+00 5.5621e+06
5.2750 1.0947e+00 5.5182e+06
5.2850 1.0921e+00 5.4746e+06
5.2950 1.0895e+00 5.4315e+06
5.3050 1.0869e+00 5.3888e+06
5.3150 1.0843e+00 5.3465e+06
5.3250 1.0818e+00 5.3046e+06
5.3350 1.0792e+00 5.2631e+06
5.3450 1.0767e+00 5.2219e+06
5.3550 1.0741e+00 5.1812e+06
5.3650 1.0716e+00 5.1408e+06
5.3750 1.0691e+00 5.1008e+06
5.3850 1.0666e+00 5.0612e+06
5.3950 1.0641e+00 5.0219e+06
5.4050 1.0616e+00 4.9830e+06
5.4150 1.0591e+00 4.9445e+06
5.4250 1.0567e+00 4.9063e+06
5.4350 1.0542e+00 4.8685e+06
5.4450 1.0517e+00 4.8310e+06
5.4550 1.0493e+00 4.7938e+06
5.4650 1.0469e+00 4.7570e+06
5.4750 1.0445e+00 4.7206e+06
5.4850 1.0420e+00 4.6844e+06
5.4950 1.0396e+00 4.6486e+06
5.5050 1.0372e+00 4.6132e+06
5.5150 1.0349e+00 4.5780e+06
5.5250 1.0325e+00 4.5432e+06
5.5350 1.0301e+00 4.5087e+06
5.5450 1.0278e+00 4.4745e+06
5.5550 1.0254e+00 4.4406e+06
5.5650 1.0231e+00 4.4070e+06
5.5750 1.0207e+00 4.3737e+06
5.5850 1.0184e+00 4.3407e+06
5.5950 1.0161e+00 4.3080e+06
5.6050 1.0138e+00 4.2756e+06
5.6150 1.0115e+00 4.2435e+06
5.6250 1.0092e+00 4.2117e+06
5.6350 1.0069e+00 4.1802e+06
5.6450 1.0047e+00 4.1489e+06
5.6550 1.0024e+00 4.1180e+06
5.6650 1.0002e+00 4.0873e+06
5.6750 9.9791e-01 4.0568e+06
5.6850 9.9567e-01 4.0267e+06
5.6950 9.9344e-01 3.9968e+06
5.7050 9.9122e-01 3.9672e+06
5.7150 9.8901e-01 3.9378e+06
5.7250 9.8681e-01 3.9087e+06
5.7350 9.8461e-01 3.8799e+06
5.7450 9.8243e-01 3.8513e+06
5.7550 9.8025e-01 3.8230e+06
5.7650 9.7808e-01 3.7949e+06
5.7750 9.7591e-01 3.7670e+06
5.7850 9.7376e-01 3.7394e+06
5.7950 9.7161e-01 3.7121e+06
5.8050 9.6947e-01 3.6850e+06
5.8150 9.6734e-01 3.6581e+06
5.8250 9.6522e-01 3.6314e+06
5.8350 9.6310e-01 3.6050e+06
5.8450 9.6099e-01 3.5788e+06
5.8550 9.5889e-01 3.5529e+06
5.8650 9.5680e-01 3.5271e+06
5.8750 9.5471e-01 3.5016e+06
5.8850 9.5263e-01 3.4763e+06
5.8950 9.5056e-01 3.4513e+06
5.9050 9.4850e-01 3.4264e+06
5.9150 9.4644e-01 3.4018e+06
5.9250 9.4440e-01 3.3773e+06
5.9350 9.4235e-01 3.3531e+06
5.9450 9.4032e-01 3.3291e+06
5.9550 9.3829e-01 3.3053e+06
5.9650 9.3628e-01 3.2817e+06
5.9750 9.3426e-01 3.2583e+06
5.9850 9.3226e-01 3.2351e+06
5.9950 9.3026e-01 3.2121e+06
6.0050 9.2827e-01 3.1893e+06
6.0150 9.2629e-01 3.1667e+06
6.0250 9.2431e-01 3.1442e+06
6.0350 9.2234e-01 3.1220e+06
6.0450 9.2038e-01 3.0999e+06
6.0550 9.1842e-01 3.0781e+06
6.0650 9.1648e-01 3.0564e+06
6.0750 9.1453e-01 3.0349e+06
6.0850 9.1260e-01 3.0136e+06
6.0950 9.1067e-01 2.9924e+06
6.1050 9.0875e-01 2.9715e+06
6.1150 9.0683e-01 2.9507e+06
6.1250 9.0493e-01 2.9301e+06
6.1350 9.0303e-01 2.9097e+06
6.1450 9.0113e-01 2.8894e+06
6.1550 8.9924e-01 2.8693e+06
6.1650 8.9736e-01 2.8494e+06
6.1750 8.9549e-01 2.8296e+06
6.1850 8.9362e-01 2.8100e+06
6.1950 8.9176e-01 2.7905e+06
6.2050 8.8990e-01 2.7713e+06
6.2150 8.8805e-01 2.7521e+06
6.2250 8.8621e-01 2.7332e+06
6.2350 8.8437e-01 2.7144e+06
6.2450 8.8254e-01 2.6957e+06
6.2550 8.8072e-01 2.6772e+06
6.2650 8.7890e-01 2.6589e+06
6.2750 8.7709e-01 2.6407e+06
6.2850 8.7528e-01 2.6226e+06
6.2950 8.7348e-01 2.6047e+06
6.3050 8.7169e-01 2.5870e+06
6.3150 8.6991e-01 2.5694e+06
6.3250 8.6812e-01 2.5519e+06
6.3350 8.6635e-01 2.5346e+06
6.3450 8.6458e-01 2.5174e+06
6.3550 8.6282e-01 2.5003e+06
6.3650 8.6106e-01 2.4834e+06
6.3750 8.5931e-01 2.4667e+06
6.3850 8.5757e-01 2.4500e+06
6.3950 8.5583e-01 2.4335e+06
6.4050 8.5409e-01 2.4172e+06
6.4150 8.5237e-01 2.4009e+06
6.4250 8.5065e-01 2.3848e+06
6.4350 8.4893e-01 2.3688e+06
6.4450 8.4722e-01 2.3530e+06
6.4550 8.4552e-01 2.3373e+06
6.4650 8.4382e-01 2.3217e+06
6.4750 8.4213e-01 2.3062e+06
6.4850 8.4044e-01 2.2909e+06
6.4950 8.3876e-01 2.2756e+06
6.5050 8.3708e-01 2.2605e+06
6.5150 8.3541e-01 2.2455e+06
6.5250 8.3374e-01 2.2307e+06
6.5350 8.3209e-01 2.2159e+06
6.5450 8.3043e-01 2.2013e+06
6.5550 8.2878e-01 2.1868e+06
6.5650 8.2714e-01 2.1724e+06
6.5750 8.2550e-01 2.1581e+06
6.5850 8.2387e-01 2.1439e+06
6.5950 8.2224e-01 2.1298e+06
6.6050 8.2062e-01 2.1159e+06
6.6150 8.1901e-01 2.1020e+06
6.6250 8.1739e-01 2.0883e+06
6.6350 8.1579e-01 2.0747e+06
6.6450 8.1419e-01 2.0611e+06
6.6550 8.1259e-01 2.0477e+06
6.6650 8.1100e-01 2.0344e+06
6.6750 8.0942e-01 2.0212e+06
6.6850 8.0784e-01 2.0081e+06
6.6950 8.0626e-01 1.9951e+06
6.7050 8.0469e-01 1.9822e+06
6.7150 8.0313e-01 1.9694e+06
6.7250 8.0157e-01 1.9567e+06
6.7350 8.0002e-01 1.9441e+06
6.7450 7.9847e-01 1.9315e+06
6.7550 7.9692e-01 1.9191e+06
6.7650 7.9538e-01 1.9068e+06
6.7750 7.9385e-01 1.8946e+06
6.7850 7.9232e-01 1.8825e+06
6.7950 7.9079e-01 1.8704e+06
6.8050 7.8927e-01 1.8585e+06
6.8150 7.8776e-01 1.8466e+06
6.8250 7.8625e-01 1.8349e+06
6.8350 7.8474e-01 1.8232e+06
6.8450 7.8324e-01 1.8116e+06
6.8550 7.8175e-01 1.8001e+06
6.8650 7.8026e-01 1.7887e+06
6.8750 7.7877e-01 1.7774e+06
6.8850 7.7729e-01 1.7661e+06
6.8950 7.7581e-01 1.7550e+06
6.9050 7.7434e-01 1.7439e+06
6.9150 7.7287e-01 1.7329e+06
6.9250 7.7141e-01 1.7220e+06
6.9350 7.6995e-01 1.7112e+06
6.9450 7.6849e-01 1.7005e+06
6.9550 7.6705e-01 1.6898e+06
6.9650 7.6560e-01 1.6792e+06
6.9750 7.6416e-01 1.6687e+06
6.9850 7.6272e-01 1.6583e+06
6.9950 7.6129e-01 1.6480e+06
7.0050 7.5987e-01 1.6377e+06
7.0150 7.5844e-01 1.6275e+06
7.0250 7.5703e-01 1.6174e+06
7.0350 7.5561e-01 1.6073e+06
7.0450 7.5420e-01 1.5974e+06
7.0550 7.5280e-01 1.5875e+06
7.0650 7.5140e-01 1.5777e+06
7.0750 7.5000e-01 1.5679e+06
7.0850 7.4861e-01 1.5583e+06
7.0950 7.4722e-01 1.5487e+06
7.1050 7.4584e-01 1.5391e+06
7.1150 7.4446e-01 1.5297e+06
7.1250 7.4309e-01 1.5203e+06
7.1350 7.4171e-01 1.5110e+06
7.1450 7.4035e-01 1.5017e+06
7.1550 7.3899e-01 1.4925e+06
7.1650 7.3763e-01 1.4834e+06
7.1750 7.3627e-01 1.4744e+06
7.1850 7.3492e-01 1.4654e+06
7.1950 7.3358e-01 1.4565e+06
7.2050 7.3224e-01 1.4476e+06
7.2150 7.3090e-01 1.4388e+06
7.2250 7.2957e-01 1.4301e+06
7.2350 7.2824e-01 1.4214e+06
7.2450 7.2691e-01 1.4128e+06
7.2550 7.2559e-01 1.4043e+06
7.2650 7.2427e-01 1.3958e+06
7.2750 7.2296e-01 1.3874e+06
7.2850 7.2165e-01 1.3790e+06
7.2950 7.2034e-01 1.3707e+06
7.3050 7.1904e-01 1.3625e+06
7.3150 7.1774e-01 1.3543e+06
7.3250 7.1645e-01 1.3462e+06
7.3350 7.1516e-01 1.3382e+06
7.3450 7.1387e-01 1.3302e+06
7.3550 7.1259e-01 1.3222e+06
7.3650 7.1131e-01 1.3143e+06
7.3750 7.1004e-01 1.3065e+06
7.3850 7.0877e-01 1.2987e+06
7.3950 7.0750e-01 1.2910e+06
7.4050 7.0624e-01 1.2833e+06
7.4150 7.0498e-01 1.2757e+06
7.4250 7.0372e-01 1.2682e+06
7.4350 7.0247e-01 1.2607e+06
7.4450 7.0122e-01 1.2532e+06
7.4550 6.9998e-01 1.2458e+06
7.4650 6.9874e-01 1.2385e+06
7.4750 6.9750e-01 1.2312e+06
7.4850 6.9626e-01 1.2240e+06
7.4950 6.9503e-01 1.2168e+06
7.5050 6.9381e-01 1.2096e+06
7.5150 6.9259e-01 1.2025e+06
7.5250 6.9137e-01 1.1955e+06
7.5350 6.9015e-01 1.1885e+06
7.5450 6.8894e-01 1.1816e+06
7.5550 6.8773e-01 1.1747e+06
7.5650 6.8652e-01 1.1678e+06
7.5750 6.8532e-01 1.1610e+06
7.5850 6.8412e-01 1.1543e+06
7.5950 6.8293e-01 1.1476e+06
7.6050 6.8174e-01 1.1409e+06
7.6150 6.8055e-01 1.1343e+06
7.6250 6.7937e-01 1.1278e+06
7.6350 6.7818e-01 1.1212e+06
7.6450 6.7701e-01 1.1148e+06
7.6550 6.7583e-01 1.1083e+06
7.6650 6.7466e-01 1.1020e+06
7.6750 6.7350e-01 1.0956e+06
7.6850 6.7233e-01 1.0893e+06
7.6950 6.7117e-01 1.0831e+06
7.7050 6.7001e-01 1.0769e+06
7.7150 6.6886e-01 1.0707e+06
7.7250 6.6771e-01 1.0646e+06
7.7350 6.6656e-01 1.0585e+06
7.7450 6.6542e-01 1.0524e+06
7.7550 6.6428e-01 1.0464e+06
7.7650 6.6314e-01 1.0405e+06
7.7750 6.6200e-01 1.0346e+06
7.7850 6.6087e-01 1.0287e+06
7.7950 6.5974e-01 1.0228e+06
7.8050 6.5862e-01 1.0170e+06
7.8150 6.5750e-01 1.0113e+06
7.8250 6.5638e-01 1.0056e+06
7.8350 6.5526e-01 9.9988e+05
7.8450 6.5415e-01 9.9424e+05
7.8550 6.5304e-01 9.8864e+05
7.8650 6.5194e-01 9.8307e+05
7.8750 6.5083e-01 9.7754e+05
7.8850 6.4973e-01 9.7205e+05
7.8950 6.4864e-01 9.6659e+05
7.9050 6.4754e-01 9.6117e+05
7.9150 6.4645e-01 9.5579e+05
7.9250 6.4537e-01 9.5044e+05
7.9350 6.4428e-01 9.4513e+05
7.9450 6.4320e-01 9.3986e+05
7.9550 6.4212e-01 9.3462e+05
7.9650 6.4105e-01 9.2941e+05
7.9750 6.3997e-01 9.2424e+05
7.9850 6.3891e-01 9.1911e+05
7.9950 6.3784e-01 9.1401e+05
8.0050 6.3678e-01 9.0894e+05
8.0150 6.3571e-01 9.0391e+05
8.0250 6.3466e-01 8.9891e+05
8.0350 6.3360e-01 8.9394e+05
8.0450 6.3255e-01 8.8900e+05
8.0550 6.3150e-01 8.8410e+05
8.0650 6.3046e-01 8.7923e+05
8.0750 6.2941e-01 8.7440e+05
8.0850 6.2837e-01 8.6959e+05
8.0950 6.2734e-01 8.6482e+05
8.1050 6.2630e-01 8.6007e+05
8.1150 6.2527e-01 8.5536e+05
8.1250 6.2424e-01 8.5068e+05
8.1350 6.2321e-01 8.4603e+05
8.1450 6.2219e-01 8.4141e+05
8.1550 6.2117e-01 8.3682e+05
8.1650 6.2015e-01 8.3226e+05
8.1750 6.1914e-01 8.2774e+05
8.1850 6.1813e-01 8.2324e+05
8.1950 6.1712e-01 8.1877e+05
8.2050 6.1611e-01 8.1432e+05
8.2150 6.1511e-01 8.0991e+05
8.2250 6.1410e-01 8.0553e+05
8.2350 6.1311e-01 8.0117e+05
8.2450 6.1211e-01 7.9684e+05
8.2550 6.1112e-01 7.9254e+05
8.2650 6.1013e-01 7.8827e+05
8.2750 6.0914e-01 7.8403e+05
8.2850 6.0815e-01 7.7981e+05
8.2950 6.0717e-01 7.7562e+05
8.3050 6.0619e-01 7.7146e+05
8.3150 6.0521e-01 7.6732e+05
8.3250 6.0424e-01 7.6321e+05
8.3350 6.0327e-01 7.5913e+05
8.3450 6.0230e-01 7.5508e+05
8.3550 6.0133e-01 7.5104e+05
8.3650 6.0037e-01 7.4704e+05
8.3750 5.9941e-01 7.4306e+05
8.3850 5.9845e-01 7.3911e+05
8.3950 5.9749e-01 7.3518e+05
8.4050 5.9654e-01 7.3127e+05
8.4150 5.9558e-01 7.2739e+05
8.4250 5.9464e-01 7.2354e+05
8.4350 5.9369e-01 7.1971e+05
8.4450 5.9274e-01 7.1590e+05
8.4550 5.9180e-01 7.1212e+05
8.4650 5.9086e-01 7.0836e+05
8.4750 5.8993e-01 7.0463e+05
8.4850 5.8899e-01 7.0092e+05
8.4950 5.8806e-01 6.9723e+05
8.5050 5.8713e-01 6.9357e+05
8.5150 5.8621e-01 6.8993e+05
8.5250 5.8528e-01 6.8631e+05
8.5350 5.8436e-01 6.8272e+05
8.5450 5.8344e-01 6.7914e+05
8.5550 5.8252e-01 6.7559e+05
8.5650 5.8161e-01 6.7207e+05
8.5750 5.8070e-01 6.6856e+05
8.5850 5.7979e-01 6.6508e+05
8.5950 5.7888e-01 6.6161e+05
8.6050 5.7797e-01 6.5817e+05
8.6150 5.7707e-01 6.5476e+05
8.6250 5.7617e-01 6.5136e+05
8.6350 5.7527e-01 6.4798e+05
8.6450 5.7438e-01 6.4462e+05
8.6550 5.7348e-01 6.4129e+05
8.6650 5.7259e-01 6.3798e+05
8.6750 5.7170e-01 6.3468e+05
8.6850 5.7082e-01 6.3141e+05
8.6950 5.6993e-01 6.2816e+05
8.7050 5.6905e-01 6.2492e+05
8.7150 5.6817e-01 6.2171e+05
8.7250 5.6729e-01 6.1852e+05
8.7350 5.6642e-01 6.1534e+05
8.7450 5.6554e-01 6.1219e+05
8.7550 5.6467e-01 6.0905e+05
8.7650 5.6381e-01 6.0594e+05
8.7750 5.6294e-01 6.0284e+05
8.7850 5.6207e-01 5.9976e+05
8.7950 5.6121e-01 5.9670e+05
8.8050 5.6035e-01 5.9366e+05
8.8150 5.5950e-01 5.9064e+05
8.8250 5.5864e-01 5.8764e+05
8.8350 5.5779e-01 5.8465e+05
8.8450 5.5694e-01 5.8169e+05
8.8550 5.5609e-01 5.7874e+05
8.8650 5.5524e-01 5.7581e+05
8.8750 5.5440e-01 5.7290e+05
8.8850 5.5355e-01 5.7000e+05
8.8950 5.5271e-01 5.6712e+05
8.9050 5.5187e-01 5.6426e+05
8.9150 5.5104e-01 5.6142e+05
8.9250 5.5020e-01 5.5859e+05
8.9350 5.4937e-01 5.5578e+05
8.9450 5.4854e-01 5.5299e+05
8.9550 5.4772e-01 5.5022e+05
8.9650 5.4689e-01 5.4746e+05
8.9750 5.4607e-01 5.4472e+05
8.9850 5.4524e-01 5.4199e+05
8.9950 5.4443e-01 5.3928e+05
9.0050 5.4361e-01 5.3659e+05
9.0150 5.4279e-01 5.3391e+05
9.0250 5.4198e-01 5.3125e+05
9.0350 5.4117e-01 5.2861e+05
9.0450 5.4036e-01 5.2598e+05
9.0550 5.3955e-01 5.2336e+05
9.0650 5.3875e-01 5.2077e+05
9.0750 5.3794e-01 5.1818e+05
9.0850 5.3714e-01 5.1562e+05
9.0950 5.3634e-01 5.1306e+05
9.1050 5.3554e-01 5.1053e+05
9.1150 5.3475e-01 5.0801e+05
9.1250 5.3396e-01 5.0550e+05
9.1350 5.3316e-01 5.0301e+05
9.1450 5.3237e-01 5.0053e+05
9.1550 5.3159e-01 4.9807e+05
9.1650 5.3080e-01 4.9562e+05
9.1750 5.3002e-01 4.9319e+05
9.1850 5.2924e-01 4.9077e+05
9.1950 5.2846e-01 4.8836e+05
9.2050 5.2768e-01 4.8597e+05
9.2150 5.2690e-01 4.8359e+05
9.2250 5.2613e-01 4.8123e+05
9.2350 5.2536e-01 4.7888e+05
9.2450 5.2459e-01 4.7654e+05
9.2550 5.2382e-01 4.7422e+05
9.2650 5.2305e-01 4.7191e+05
9.2750 5.2229e-01 4.6962e+05
9.2850 5.2152e-01 4.6734e+05
9.2950 5.2076e-01 4.6507e+05
9.3050 5.2000e-01 4.6281e+05
9.3150 5.1924e-01 4.6057e+05
9.3250 5.1849e-01 4.5834e+05
9.3350 5.1774e-01 4.5613e+05
9.3450 5.1698e-01 4.5392e+05
9.3550 5.1623e-01 4.5173e+05
9.3650 5.1548e-01 4.4956e+05
9.3750 5.1474e-01 4.4739e+05
9.3850 5.1399e-01 4.4524e+05
9.3950 5.1325e-01 4.4310e+05
9.4050 5.1251e-01 4.4097e+05
9.4150 5.1177e-01 4.3885e+05
9.4250 5.1103e-01 4.3675e+05
9.4350 5.1030e-01 4.3466e+05
9.4450 5.0956e-01 4.3258e+05
9.4550 5.0883e-01 4.3051e+05
9.4650 5.0810e-01 4.2846e+05
9.4750 5.0737e-01 4.2641e+05
9.4850 5.0664e-01 4.2438e+05
9.4950 5.0592e-01 4.2236e+05
9.5050 5.0520e-01 4.2035e+05
9.5150 5.0447e-01 4.1835e+05
9.5250 5.0375e-01 4.1637e+05
9.5350 5.0303e-01 4.1439e+05
9.5450 5.0232e-01 4.1243e+05
9.5550 5.0160e-01 4.1047e+05
9.5650 5.0089e-01 4.0853e+05
9.5750 5.0018e-01 4.0660e+05
9.5850 4.9947e-01 4.0468e+05
9.5950 4.9876e-01 4.0277e+05
9.6050 4.9805e-01 4.0088e+05
9.6150 4.9735e-01 3.9899e+05
9.6250 4.9664e-01 3.9711e+05
9.6350 4.9594e-01 3.9525e+05
9.6450 4.9524e-01 3.9339e+05
9.6550 4.9454e-01 3.9154e+05
9.6650 4.9385e-01 3.8971e+05
9.6750 4.9315e-01 3.8789e+05
9.6850 4.9246e-01 3.8607e+05
9.6950 4.9177e-01 3.8427e+05
9.7050 4.9108e-01 3.8247e+05
9.7150 4.9039e-01 3.8069e+05
9.7250 4.8970e-01 3.7892e+05
9.7350 4.8902e-01 3.7715e+05
9.7450 4.8833e-01 3.7540e+05
9.7550 4.8765e-01 3.7365e+05
9.7650 4.8697e-01 3.7192e+05
9.7750 4.8629e-01 3.7019e+05
9.7850 4.8561e-01 3.6848e+05
9.7950 4.8494e-01 3.6677e+05
9.8050 4.8426e-01 3.6507e+05
9.8150 4.8359e-01 3.6339e+05
9.8250 4.8292e-01 3.6171e+05
9.8350 4.8225e-01 3.6004e+05
9.8450 4.8158e-01 3.5838e+05
9.8550 4.8091e-01 3.5673e+05
9.8650 4.8025e-01 3.5509e+05
9.8750 4.7958e-01 3.5346e+05
9.8850 4.7892e-01 3.5184e+05
9.8950 4.7826e-01 3.5022e+05
9.9050 4.7760e-01 3.4862e+05
9.9150 4.7694e-01 3.4702e+05
9.9250 4.7629e-01 3.4543e+05
9.9350 4.7563e-01 3.4385e+05
9.9450 4.7498e-01 3.4228e+05
9.9550 4.7433e-01 3.4072e+05
9.9650 4.7368e-01 3.3917e+05
9.9750 4.7303e-01 3.3762e+05
9.9850 4.7238e-01 3.3609e+05
9.9950 4.7174e-01 3.3456e+05
10.0050 4.7109e-01 3.3304e+05
10.0150 4.7045e-01 3.3153e+05
10.0250 4.6981e-01 3.3003e+05
10.0350 4.6917e-01 3.2853e+05
10.0450 4.6853e-01 3.2705e+05
10.0550 4.6789e-01 3.2557e+05
10.0650 4.6726e-01 3.2410e+05
10.0750 4.6662e-01 3.2263e+05
10.0850 4.6599e-01 3.2118e+05
10.0950 4.6536e-01 3.1973e+05
10.1050 4.6473e-01 3.1829e+05
10.1150 4.6410e-01 3.1686e+05
10.1250 4.6347e-01 3.1544e+05
10.1350 4.6285e-01 3.1402e+05
10.1450 4.6223e-01 3.1261e+05
10.1550 4.6160e-01 3.1121e+05
10.1650 4.6098e-01 3.0982e+05
10.1750 4.6036e-01 3.0843e+05
10.1850 4.5974e-01 3.0705e+05
10.1950 4.5913e-01 3.0568e+05
10.2050 4.5851e-01 3.0432e+05
10.2150 4.5789e-01 3.0296e+05
10.2250 4.5728e-01 3.0161e+05
10.2350 4.5667e-01 3.0027e+05
10.2450 4.5606e-01 2.9894e+05
10.2550 4.5545e-01 2.9761e+05
10.2650 4.5484e-01 2.9629e+05
10.2750 4.5424e-01 2.9498e+05
10.2850 4.5363e-01 2.9367e+05
10.2950 4.5303e-01 2.9237e+05
10.3050 4.5243e-01 2.9108e+05
10.3150 4.5182e-01 2.8979e+05
10.3250 4.5123e-01 2.8851e+05
10.3350 4.5063e-01 2.8724e+05
10.3450 4.5003e-01 2.8597e+05
10.3550 4.4943e-01 2.8471e+05
10.3650 4.4884e-01 2.8346e+05
10.3750 4.4825e-01 2.8222e+05
10.3850 4.4765e-01 2.8098e+05
10.3950 4.4706e-01 2.7974e+05
10.4050 4.4648e-01 2.7852e+05
10.4150 4.4589e-01 2.7730e+05
10.4250 4.4530e-01 2.7609e+05
10.4350 4.4472e-01 2.7488e+05
10.4450 4.4413e-01 2.7368e+05
10.4550 4.4355e-01 2.7248e+05
10.4650 4.4297e-01 2.7130e+05
10.4750 4.4239e-01 2.7011e+05
10.4850 4.4181e-01 2.6894e+05
10.4950 4.4123e-01 2.6777e+05
10.5050 4.4065e-01 2.6660e+05
10.5150 4.4008e-01 2.6545e+05
10.5250 4.3950e-01 2.6430e+05
10.5350 4.3893e-01 2.6315e+05
10.5450 4.3836e-01 2.6201e+05
10.5550 4.3779e-01 2.6088e+05
10.5650 4.3722e-01 2.5975e+05
10.5750 4.3665e-01 2.5863e+05
10.5850 4.3609e-01 2.5751e+05
10.5950 4.3552e-01 2.5640e+05
10.6050 4.3496e-01 2.5530e+05
10.6150 4.3439e-01 2.5420e+05
10.6250 4.3383e-01 2.5310e+05
10.6350 4.3327e-01 2.5202e+05
10.6450 4.3271e-01 2.5094e+05
10.6550 4.3215e-01 2.4986e+05
10.6650 4.3160e-01 2.4879e+05
10.6750 4.3104e-01 2.4772e+05
10.6850 4.3049e-01 2.4666e+05
10.6950 4.2993e-01 2.4561e+05
10.7050 4.2938e-01 2.4456e+05
10.7150 4.2883e-01 2.4352e+05
10.7250 4.2828e-01 2.4248e+05
10.7350 4.2773e-01 2.4144e+05
10.7450 4.2718e-01 2.4042e+05
10.7550 4.2664e-01 2.3939e+05
10.7650 4.2609e-01 2.3838e+05
10.7750 4.2555e-01 2.3736e+05
10.7850 4.2501e-01 2.3636e+05
10.7950 4.2446e-01 2.3536e+05
10.8050 4.2392e-01 2.3436e+05
10.8150 4.2338e-01 2.3337e+05
10.8250 4.2285e-01 2.3238e+05
10.8350 4.2231e-01 2.3140e+05
10.8450 4.2177e-01 2.3042e+05
10.8550 4.2124e-01 2.2945e+05
10.8650 4.2070e-01 2.2848e+05
10.8750 4.2017e-01 2.2752e+05
10.8850 4.1964e-01 2.2656e+05
10.8950 4.1911e-01 2.2561e+05
10.9050 4.1858e-01 2.2466e+05
10.9150 4.1805e-01 2.2372e+05
10.9250 4.1753e-01 2.2278e+05
10.9350 4.1700e-01 2.2185e+05
10.9450 4.1648e-01 2.2092e+05
10.9550 4.1595e-01 2.2000e+05
10.9650 4.1543e-01 2.1908e+05
10.9750 4.1491e-01 2.1816e+05
10.9850 4.1439e-01 2.1725e+05
10.9950 4.1387e-01 2.1635e+05
11.0050 4.1335e-01 2.1545e+05
11.0150 4.1283e-01 2.1455e+05
11.0250 4.1232e-01 2.1366e+05
11.0350 4.1180e-01 2.1277e+05
11.0450 4.1129e-01 2.1189e+05
11.0550 4.1077e-01 2.1101e+05
11.0650 4.1026e-01 2.1013e+05
11.0750 4.0975e-01 2.0926e+05
11.0850 4.0924e-01 2.0840e+05
11.0950 4.0873e-01 2.0754e+05
11.1050 4.0822e-01 2.0668e+05
11.1150 4.0772e-01 2.0583e+05
11.1250 4.0721e-01 2.0498e+05
11.1350 4.0671e-01 2.0413e+05
11.1450 4.0620e-01 2.0329e+05
11.1550 4.0570e-01 2.0246e+05
11.1650 4.0520e-01 2.0162e+05
11.1750 4.0470e-01 2.0080e+05
11.1850 4.0420e-01 1.9997e+05
11.1950 4.0370e-01 1.9915e+05
11.2050 4.0321e-01 1.9834e+05
11.2150 4.0271e-01 1.9752e+05
11.2250 4.0221e-01 1.9672e+05
11.2350 4.0172e-01 1.9591e+05
11.2450 4.0123e-01 1.9511e+05
11.2550 4.0073e-01 1.9432e+05
11.2650 4.0024e-01 1.9352e+05
11.2750 3.9975e-01 1.9274e+05
11.2850 3.9926e-01 1.9195e+05
11.2950 3.9877e-01 1.9117e+05
11.3050 3.9829e-01 1.9039e+05
11.3150 3.9780e-01 1.8962e+05
11.3250 3.9732e-01 1.8885e+05
11.3350 3.9683e-01 1.8809e+05
11.3450 3.9635e-01 1.8732e+05
11.3550 3.9587e-01 1.8657e+05
11.3650 3.9538e-01 1.8581e+05
11.3750 3.9490e-01 1.8506e+05
11.3850 3.9442e-01 1.8431e+05
11.3950 3.9395e-01 1.8357e+05
11.4050 3.9347e-01 1.8283e+05
11.4150 3.9299e-01 1.8209e+05
11.4250 3.9252e-01 1.8136e+05
11.4350 3.9204e-01 1.8063e+05
11.4450 3.9157e-01 1.7991e+05
11.4550 3.9110e-01 1.7918e+05
11.4650 3.9062e-01 1.7846e+05
11.4750 3.9015e-01 1.7775e+05
11.4850 3.8968e-01 1.7704e+05
11.4950 3.8921e-01 1.7633e+05
11.5050 3.8875e-01 1.7562e+05
11.5150 3.8828e-01 1.7492e+05
11.5250 3.8781e-01 1.7422e+05
11.5350 3.8735e-01 1.7353e+05
11.5450 3.8688e-01 1.7284e+05
11.5550 3.8642e-01 1.7215e+05
11.5650 3.8596e-01 1.7146e+05
11.5750 3.8550e-01 1.7078e+05
11.5850 3.8504e-01 1.7010e+05
11.5950 3.8458e-01 1.6943e+05
11.6050 3.8412e-01 1.6876e+05
11.6150 3.8366e-01 1.6809e+05
11.6250 3.8320e-01 1.6742e+05
11.6350 3.8275e-01 1.6676e+05
11.6450 3.8229e-01 1.6610e+05
11.6550 3.8184e-01 1.6544e+05
11.6650 3.8138e-01 1.6479e+05
11.6750 3.8093e-01 1.6414e+05
11.6850 3.8048e-01 1.6349e+05
11.6950 3.8003e-01 1.6285e+05
11.7050 3.7958e-01 1.6221e+05
11.7150 3.7913e-01 1.6157e+05
11.7250 3.7868e-01 1.6093e+05
11.7350 3.7823e-01 1.6030e+05
11.7450 3.7779e-01 1.5967e+05
11.7550 3.7734e-01 1.5905e+05
11.7650 3.7690e-01 1.5842e+05
11.7750 3.7645e-01 1.5780e+05
11.7850 3.7601e-01 1.5719e+05
11.7950 3.7557e-01 1.5657e+05
11.8050 3.7513e-01 1.5596e+05
11.8150 3.7469e-01 1.5535e+05
11.8250 3.7425e-01 1.5475e+05
11.8350 3.7381e-01 1.5414e+05
11.8450 3.7337e-01 1.5354e+05
11.8550 3.7294e-01 1.5295e+05
11.8650 3.7250e-01 1.5235e+05
11.8750 3.7206e-01 1.5176e+05
11.8850 3.7163e-01 1.5117e+05
11.8950 3.7120e-01 1.5058e+05
11.9050 3.7076e-01 1.5000e+05
11.9150 3.7033e-01 1.4942e+05
11.9250 3.6990e-01 1.4884e+05
11.9350 3.6947e-01 1.4827e+05
11.9450 3.6904e-01 1.4769e+05
11.9550 3.6861e-01 1.4712e+05
11.9650 3.6819e-01 1.4656e+05
11.9750 3.6776e-01 1.4599e+05
11.9850 3.6733e-01 1.4543e+05
11.9950 3.6691e-01 1.4487e+05
12.0050 3.6648e-01 1.4431e+05
12.0150 3.6606e-01 1.4376e+05
12.0250 3.6564e-01 1.4321e+05
12.0350 3.6522e-01 1.4266e+05
12.0450 3.6480e-01 1.4211e+05
12.0550 3.6438e-01 1.4156e+05
12.0650 3.6396e-01 1.4102e+05
12.0750 3.6354e-01 1.4048e+05
12.0850 3.6312e-01 1.3995e+05
12.0950 3.6270e-01 1.3941e+05
12.1050 3.6229e-01 1.3888e+05
12.1150 3.6187e-01 1.3835e+05
12.1250 3.6146e-01 1.3782e+05
12.1350 3.6104e-01 1.3730e+05
12.1450 3.6063e-01 1.3678e+05
12.1550 3.6022e-01 1.3626e+05
12.1650 3.5981e-01 1.3574e+05
12.1750 3.5939e-01 1.3522e+05
12.1850 3.5898e-01 1.3471e+05
12.1950 3.5858e-01 1.3420e+05
12.2050 3.5817e-01 1.3369e+05
12.2150 3.5776e-01 1.3318e+05
12.2250 3.5735e-01 1.3268e+05
12.2350 3.5695e-01 1.3218e+05
12.2450 3.5654e-01 1.3168e+05
12.2550 3.5614e-01 1.3118e+05
12.2650 3.5573e-01 1.3069e+05
12.2750 3.5533e-01 1.3020e+05
12.2850 3.5493e-01 1.2971e+05
12.2950 3.5453e-01 1.2922e+05
12.3050 3.5412e-01 1.2873e+05
12.3150 3.5372e-01 1.2825e+05
12.3250 3.5333e-01 1.2777e+05
12.3350 3.5293e-01 1.2729e+05
12.3450 3.5253e-01 1.2681e+05
12.3550 3.5213e-01 1.2634e+05
12.3650 3.5174e-01 1.2586e+05
12.3750 3.5134e-01 1.2539e+05
12.3850 3.5095e-01 1.2492e+05
12.3950 3.5055e-01 1.2446e+05
12.4050 3.5016e-01 1.2399e+05
12.4150 3.4977e-01 1.2353e+05
12.4250 3.4937e-01 1.2307e+05
12.4350 3.4898e-01 1.2261e+05
12.4450 3.4859e-01 1.2216e+05
12.4550 3.4820e-01 1.2170e+05
12.4650 3.4781e-01 1.2125e+05
12.4750 3.4742e-01 1.2080e+05
12.4850 3.4704e-01 1.2035e+05
12.4950 3.4665e-01 1.1991e+05
12.5050 3.4626e-01 1.1946e+05
12.5150 3.4588e-01 1.1902e+05
12.5250 3.4549e-01 1.1858e+05
12.5350 3.4511e-01 1.1814e+05
12.5450 3.4473e-01 1.1771e+05
12.5550 3.4434e-01 1.1727e+05
12.5650 3.4396e-01 1.1684e+05
12.5750 3.4358e-01 1.1641e+05
12.5850 3.4320e-01 1.1598e+05
12.5950 3.4282e-01 1.1555e+05
12.6050 3.4244e-01 1.1513e+05
12.6150 3.4206e-01 1.1471e+05
12.6250 3.4169e-01 1.1428e+05
12.6350 3.4131e-01 1.1387e+05
12.6450 3.4093e-01 1.1345e+05
12.6550 3.4056e-01 1.1303e+05
12.6650 3.4018e-01 1.1262e+05
12.6750 3.3981e-01 1.1221e+05
12.6850 3.3944e-01 1.1180e+05
12.6950 3.3906e-01 1.1139e+05
12.7050 3.3869e-01 1.1098e+05
12.7150 3.3832e-01 1.1058e+05
12.7250 3.3795e-01 1.1017e+05
12.7350 3.3758e-01 1.0977e+05
12.7450 3.3721e-01 1.0937e+05
12.7550 3.3684e-01 1.0898e+05
12.7650 3.3647e-01 1.0858e+05
12.7750 3.3610e-01 1.0819e+05
12.7850 3.3574e-01 1.0779e+05
12.7950 3.3537e-01 1.0740e+05
12.8050 3.3501e-01 1.0701e+05
12.8150 3.3464e-01 1.0663e+05
12.8250 3.3428e-01 1.0624e+05
12.8350 3.3391e-01 1.0586e+05
12.8450 3.3355e-01 1.0547e+05
12.8550 3.3319e-01 1.0509e+05
12.8650 3.3283e-01 1.0471e+05
12.8750 3.3247e-01 1.0434e+05
12.8850 3.3211e-01 1.0396e+05
12.8950 3.3175e-01 1.0359e+05
12.9050 3.3139e-01 1.0321e+05
12.9150 3.3103e-01 1.0284e+05
12.9250 3.3067e-01 1.0247e+05
12.9350 3.3031e-01 1.0210e+05
12.9450 3.2996e-01 1.0174e+05
12.9550 3.2960e-01 1.0137e+05
12.9650 3.2925e-01 1.0101e+05
12.9750 3.2889e-01 1.0065e+05
12.9850 3.2854e-01 1.0029e+05
12.9950 3.2819e-01 9.9930e+04
13.0050 3.2783e-01 9.9574e+04
13.0150 3.2748e-01 9.9218e+04
13.0250 3.2713e-01 9.8864e+04
13.0350 3.2678e-01 9.8512e+04
13.0450 3.2643e-01 9.8161e+04
13.0550 3.2608e-01 9.7812e+04
13.0650 3.2573e-01 9.7464e+04
13.0750 3.2538e-01 9.7117e+04
13.0850 3.2504e-01 9.6773e+04
13.0950 3.2469e-01 9.6429e+04
13.1050 3.2434e-01 9.6087e+04
13.1150 3.2400e-01 9.5747e+04
13.1250 3.2365e-01 9.5408e+04
13.1350 3.2331e-01 9.5070e+04
13.1450 3.2296e-01 9.4734e+04
13.1550 3.2262e-01 9.4399e+04
13.1650 3.2228e-01 9.4066e+04
13.1750 3.2193e-01 9.3734e+04
13.1850 3.2159e-01 9.3403e+04
13.1950 3.2125e-01 9.3074e+04
13.2050 3.2091e-01 9.2746e+04
13.2150 3.2057e-01 9.2420e+04
13.2250 3.2023e-01 9.2095e+04
13.2350 3.1990e-01 9.1771e+04
13.2450 3.1956e-01 9.1449e+04
13.2550 3.1922e-01 9.1128e+04
13.2650 3.1888e-01 9.0808e+04
13.2750 3.1855e-01 9.0490e+04
13.2850 3.1821e-01 9.0173e+04
13.2950 3.1788e-01 8.9858e+04
13.3050 3.1754e-01 8.9543e+04
13.3150 3.1721e-01 8.9231e+04
13.3250 3.1688e-01 8.8919e+04
13.3350 3.1654e-01 8.8609e+04
13.3450 3.1621e-01 8.8300e+04
13.3550 3.1588e-01 8.7992e+04
13.3650 3.1555e-01 8.7685e+04
13.3750 3.1522e-01 8.7380e+04
13.3850 3.1489e-01 8.7076e+04
13.3950 3.1456e-01 8.6774e+04
13.4050 3.1423e-01 8.6473e+04
13.4150 3.1390e-01 8.6172e+04
13.4250 3.1358e-01 8.5874e+04
13.4350 3.1325e-01 8.5576e+04
13.4450 3.1292e-01 8.5280e+04
13.4550 3.1260e-01 8.4984e+04
13.4650 3.1227e-01 8.4691e+04
13.4750 3.1195e-01 8.4398e+04
13.4850 3.1162e-01 8.4106e+04
13.4950 3.1130e-01 8.3816e+04
13.5050 3.1098e-01 8.3527e+04
13.5150 3.1065e-01 8.3239e+04
13.5250 3.1033e-01 8.2952e+04
13.5350 3.1001e-01 8.2667e+04
13.5450 3.0969e-01 8.2383e+04
13.5550 3.0937e-01 8.2099e+04
13.5650 3.0905e-01 8.1818e+04
13.5750 3.0873e-01 8.1537e+04
13.5850 3.0841e-01 8.1257e+04
13.5950 3.0810e-01 8.0978e+04
13.6050 3.0778e-01 8.0701e+04
13.6150 3.0746e-01 8.0425e+04
13.6250 3.0714e-01 8.0150e+04
13.6350 3.0683e-01 7.9876e+04
13.6450 3.0651e-01 7.9603e+04
13.6550 3.0620e-01 7.9331e+04
13.6650 3.0588e-01 7.9061e+04
13.6750 3.0557e-01 7.8791e+04
13.6850 3.0526e-01 7.8523e+04
13.6950 3.0495e-01 7.8255e+04
13.7050 3.0463e-01 7.7989e+04
13.7150 3.0432e-01 7.7724e+04
13.7250 3.0401e-01 7.7460e+04
13.7350 3.0370e-01 7.7197e+04
13.7450 3.0339e-01 7.6935e+04
13.7550 3.0308e-01 7.6674e+04
13.7650 3.0277e-01 7.6414e+04
13.7750 3.0246e-01 7.6156e+04
13.7850 3.0216e-01 7.5898e+04
13.7950 3.0185e-01 7.5641e+04
13.8050 3.0154e-01 7.5386e+04
13.8150 3.0124e-01 7.5131e+04
13.8250 3.0093e-01 7.4877e+04
13.8350 3.0062e-01 7.4625e+04
13.8450 3.0032e-01 7.4373e+04
13.8550 3.0002e-01 7.4123e+04
13.8650 2.9971e-01 7.3874e+04
13.8750 2.9941e-01 7.3625e+04
13.8850 2.9911e-01 7.3378e+04
13.8950 2.9880e-01 7.3131e+04
13.9050 2.9850e-01 7.2886e+04
13.9150 2.9820e-01 7.2641e+04
13.9250 2.9790e-01 7.2398e+04
13.9350 2.9760e-01 7.2155e+04
13.9450 2.9730e-01 7.1914e+04
13.9550 2.9700e-01 7.1673e+04
13.9650 2.9670e-01 7.1433e+04
13.9750 2.9640e-01 7.1195e+04
13.9850 2.9611e-01 7.0957e+04
13.9950 2.9581e-01 7.0720e+04
